<?xml version="1.0"?>
<opencv_storage>
<layer_sizes>
  10 24 12 3</layer_sizes>
<activation_function>SIGMOID_SYM</activation_function>
<f_param1>6.6666666666666663e-01</f_param1>
<f_param2>1.7159000000000000e+00</f_param2>
<min_val>-9.4999999999999996e-01</min_val>
<max_val>9.4999999999999996e-01</max_val>
<min_val1>-9.7999999999999998e-01</min_val1>
<max_val1>9.7999999999999998e-01</max_val1>
<training_params>
  <train_method>BACKPROP</train_method>
  <dw_scale>1.0000000000000000e-03</dw_scale>
  <moment_scale>0.</moment_scale>
  <term_criteria>
    <epsilon>1.0000000000000000e-04</epsilon>
    <iterations>300</iterations></term_criteria></training_params>
<input_scale>
  1.5645862577187520e-02 -3.8781889962782345e-01 1.7456672015243910e-02
  -4.3844255597689658e-01 1.9147122113744520e-02 -3.9893171812957706e-01
  2.3401843520648575e-02 -2.9226981510433897e-01 2.2790215555435256e-02
  -2.5357516330131491e-01 2.7374827967920366e-02 -2.1360537405416072e-01
  2.7452036922995492e-02 -2.3302477162732252e-01 3.0004011950500401e-02
  -2.5411606837778289e-01 2.4146607686309916e-02 -2.8339828289745972e-01
  1.6252181644636696e-02 -3.6336360894215902e-01</input_scale>
<output_scale>
  1. 0. 1. 0. 1. 0.</output_scale>
<inv_output_scale>
  1. 0. 1. 0. 1. 0.</inv_output_scale>
<weights>
  <_>
    -1.4327480776598672e-01 2.2772224953185361e-02
    -3.5656561507599049e-02 7.2228523225614794e-02
    -1.6472940550297710e-01 -6.0168508757777170e-02
    1.3654131715297430e-01 -7.9042850327110684e-02
    -9.7830091248674700e-02 6.6152251305027374e-02
    1.5352621029162816e-01 -2.1082839592996616e-02
    1.6651591598674434e-01 6.9609757601750935e-02 1.5056984305480237e-01
    -6.8441625175767878e-02 -2.5744944739837648e-02
    7.3970964816900991e-02 1.0490819736611402e-01 1.3169384334538400e-02
    9.8899342427476555e-02 1.2994708845279249e-01
    -6.4601942156176789e-02 1.6198142657257145e-01
    2.2948636094543059e-02 -1.4954910640878866e-01
    -1.0701960536138658e-01 2.1501375775464533e-02
    1.8321986865889273e-01 -6.6956447631870017e-02
    -1.0888887844998527e-01 7.7255383245256146e-02
    -6.7335598184020032e-02 1.1242611970989791e-01
    1.2512096154184310e-01 1.4141757261836488e-01 4.0933973472741789e-02
    1.4995426967304509e-01 -6.3762728516366229e-03
    1.0857606447021399e-01 -2.0872690907079283e-01
    -1.1388750839307621e-01 1.6740660755032788e-01
    -1.2204936761054302e-01 1.3748201979481689e-01
    3.9220017240629103e-02 -1.3527906172229837e-01
    -1.7083031212397895e-01 -7.3532578140003690e-02
    -1.3381903025433092e-01 8.8627530048675546e-02
    -1.3746781682760359e-01 -3.4934505506624219e-02
    -1.6163030406506806e-01 7.8253829857736559e-02
    3.4173891648013904e-02 -1.2018285100121397e-01
    1.9200476655567278e-01 -5.9111510894526105e-02
    2.2638706469829359e-01 -1.2832038252311965e-02
    -1.3169445535931076e-01 -9.4690582067477214e-02
    1.9449896807090594e-01 1.0228626504700318e-01 1.5286066352887379e-01
    1.1362575233168130e-01 4.0117707224389407e-03
    -1.2330664539627988e-01 -7.6829677508588712e-02
    -8.6221260495169844e-02 -2.9592438517506453e-02
    -1.4660495078256408e-01 -9.5976873224271911e-02
    -1.2700690803593609e-01 -6.0922376191737071e-02
    -1.5208082899741832e-01 1.5611168451224688e-01
    -1.2777602884327952e-01 -1.7157480069432965e-01
    8.2424962347035460e-02 1.0013992171886514e-01 1.1362414094632688e-01
    -1.8776395163594331e-01 1.7941777355960603e-01
    -4.2064782908336755e-02 -7.8249301569441224e-02
    -1.1139212176789997e-02 1.6303162227780796e-01
    9.9711652491890110e-02 -7.5671842316129043e-02
    1.7741929083061295e-01 1.0191566339696263e-01 1.4242167242658726e-01
    1.0931045760014109e-01 1.1073786841440396e-01
    -1.3052738485542922e-01 -1.5583991089882362e-01
    -1.1873411405101991e-01 1.3888900414845509e-01
    7.1981044663299465e-02 4.9247031917370093e-02
    -1.1795140612121958e-01 -1.3430687209037301e-01
    -1.5285500103716246e-01 9.0988548147845530e-02
    5.3793414215857933e-02 -8.7613926891308647e-02
    7.3910381902957109e-02 1.5908931022368222e-01 1.1891399573882991e-01
    -7.1451459821841867e-02 1.9828612828773926e-01
    2.5035016996843670e-02 1.3393129572838905e-01 5.4553216820848278e-03
    6.4924994618173845e-02 -1.2623084076744290e-01
    -3.7134989045538541e-03 3.4463778356595795e-02
    -9.6919878631024345e-02 -1.2093113366005502e-01
    -1.3005712513158760e-01 6.8663925467492684e-02
    1.0845142512179388e-01 1.3848661064361703e-01
    -1.2125008156745666e-01 -5.3153055859650508e-02
    -5.7098987385176013e-02 -1.3285649344194636e-01
    -3.7101272024646352e-02 -1.9988822015588440e-02
    1.2009918389190544e-01 3.6347900992713178e-02
    -7.2884589554226081e-02 -1.1207253220439750e-02
    -3.9819060197550507e-02 -1.5531424203756089e-01
    -4.8325708921137817e-03 -1.4974207512100937e-01
    1.5653706185445618e-01 -1.1217916493611439e-01
    8.0629241126818994e-03 -4.4266714734404473e-02
    1.0776756522500759e-01 -4.9429999707986116e-03
    1.0705534530347238e-01 1.2238460827767471e-01
    -7.5196941195236275e-02 -1.3886140842512595e-01
    1.1445969049854822e-01 -6.8368654191768158e-02
    -8.8630339455625734e-02 -1.8935457123167657e-01
    7.8183552407368517e-02 -3.9303015513253270e-02
    1.3760381046208386e-01 4.4707091600016735e-02
    -9.9981614784409589e-02 1.5495262209684016e-01
    -1.1853378623155426e-03 -1.4068972725535048e-01
    4.6555594593445521e-02 6.0564284915592702e-02
    -6.4863181182861177e-02 2.4536378052918733e-02
    2.1066605642128561e-01 1.1275091532629697e-01
    -8.0494486404052254e-02 -9.8493031499524847e-02
    -1.0871351169190424e-01 -1.6766258121608546e-01
    1.0378935239893733e-01 -9.7712064773618962e-02
    -8.9729882719948806e-02 -1.2137241318429022e-01
    -1.1261804442186978e-01 -4.6692741450106483e-02
    9.4622591202755485e-02 1.2751677517210139e-01
    -1.0623864157083653e-01 1.5946854303251956e-01
    9.5243607227768326e-02 1.2301350718723810e-02 1.9965410450648986e-02
    1.5020539455675111e-01 -1.6093700802180286e-01
    -1.4984148185827822e-01 -1.8560113315080862e-01
    -5.8910137626021208e-03 1.9468435261036768e-01
    1.7177385440665949e-01 -8.8151747272784617e-02
    -6.9717815247437573e-02 -1.0562744457598687e-01
    -1.2172463833780119e-01 -2.7366565749784362e-02
    2.6822204935137688e-02 -9.4826793764072395e-02
    -9.2251591689611348e-02 -1.1162730465121128e-01
    4.4722340246691882e-02 -1.4129526860807692e-01
    9.2369012489696686e-02 9.0288231159512955e-02 1.5398015381642105e-01
    -1.7937721758587816e-01 -2.6953538696507595e-01
    -7.1838972753810390e-02 7.6725016414233710e-02
    -6.0787385467722860e-02 -1.8685935619809538e-01
    3.7873198105616790e-02 1.8814750456336227e-01
    -4.5865204219732699e-03 1.1796663075077116e-01
    1.0049181623669050e-01 1.3182107933324572e-01 5.8241440135964266e-02
    6.0178332235710411e-02 6.5794230711321247e-02
    -1.0408884546173906e-01 1.6884512419663600e-02
    1.7082649275217571e-01 1.1587425131225013e-01 1.7062772888103553e-02
    1.0847019913885556e-01 5.6447171599025861e-02 5.1078642864838375e-02
    -3.7977880321688681e-02 8.8432506216118520e-02
    -9.1780271217005396e-02 1.6502905052474098e-01
    7.0262665092241756e-03 -1.2513561324179789e-01
    1.3503996935925794e-01 2.0980300560661011e-02
    -1.5095988429698309e-01 -1.7048551182299204e-01
    -3.4384428053035827e-02 -1.0046469562865909e-01
    1.0760007281992949e-01 2.5299527059131438e-02
    -4.6881547932723380e-02 8.9167129114491470e-02
    7.3467796573674291e-02 -3.0404499000471995e-02
    1.0167225024317779e-02 -3.8857406078729735e-02
    -3.7535328071417302e-02 -3.2005051035265825e-02
    5.4989921755511113e-03 -1.9021080719597308e-02
    -3.8879279293698452e-04 2.9199331167664572e-02
    4.5268083453956338e-02 -5.7642235855194117e-02
    1.9593463071840130e-02 1.4459243922913033e-02 6.6148687686119395e-02
    -1.0155090949199153e-01 -9.7411894398308135e-02
