<?xml version="1.0"?>
<opencv_storage>
<layer_sizes>
  100 24 12 3</layer_sizes>
<activation_function>SIGMOID_SYM</activation_function>
<f_param1>6.6666666666666663e-01</f_param1>
<f_param2>1.7159000000000000e+00</f_param2>
<min_val>-9.4999999999999996e-01</min_val>
<max_val>9.4999999999999996e-01</max_val>
<min_val1>-9.7999999999999998e-01</min_val1>
<max_val1>9.7999999999999998e-01</max_val1>
<training_params>
  <train_method>BACKPROP</train_method>
  <dw_scale>1.0000000000000000e-03</dw_scale>
  <moment_scale>0.</moment_scale>
  <term_criteria>
    <epsilon>1.0000000000000000e-04</epsilon>
    <iterations>100000</iterations></term_criteria></training_params>
<input_scale>
  1.8835404113791712e-02 -2.7437842410538371e-01 1.3776610140229545e-02
  -6.1974183526346049e-01 1.5907214484864610e-02 -6.3136209132651067e-01
  1.8720669545281857e-02 -3.8028106344968066e-01 1.8373101931818771e-02
  -3.0459586523533877e-01 2.0310641050490436e-02 -2.7745245106658761e-01
  2.1444816806633987e-02 -2.7718225902306021e-01 2.4303880199987825e-02
  -3.2402150729312124e-01 2.0463874920292724e-02 -3.0970700252502720e-01
  2.9373708117846262e-02 -3.3220787054176126e-01 3.2372073343201462e-02
  -2.6779435299208076e-01 1.7584865017899860e-02 -4.6357116175918850e-01
  1.4759901475819018e-02 -7.8723146154983970e-01 1.6354317209434949e-02
  -4.9282636486342030e-01 2.0278021268761357e-02 -3.6893892427791186e-01
  1.8760969581643815e-02 -3.2712690617545359e-01 2.0297473314045932e-02
  -3.2089699414780826e-01 2.7053583935684102e-02 -3.4675022693684660e-01
  2.2569127671196388e-02 -4.0228627942278045e-01 1.3359944492167342e-02
  -5.4511564560391745e-01 1.0847592068541179e-02 -5.8564854343179973e-01
  2.0553667713502640e-02 -6.2266876181316400e-01 1.7345605150477828e-02
  -4.3661735949672925e-01 1.7912860722940471e-02 -4.3358480414072698e-01
  1.8922165116507496e-02 -3.6347502246186786e-01 1.9841005406424361e-02
  -3.3899986476125804e-01 2.1605741468727277e-02 -3.8954829394362017e-01
  2.6256618420349882e-02 -3.4829208389680533e-01 2.2046358655213854e-02
  -3.9296811677595744e-01 1.0507247460939602e-02 -6.6023151956053316e-01
  1.9592080365297269e-02 -3.7890206169155133e-01 1.2540401565530096e-02
  -7.0623985383785726e-01 1.7376700131871363e-02 -4.3590878726332527e-01
  2.3025672228658537e-02 -3.3198208019230069e-01 1.7479943143088223e-02
  -3.7784071129817193e-01 1.9926749683348930e-02 -3.0841849883034089e-01
  1.7629645316949730e-02 -3.8456308404062728e-01 2.1785380847012578e-02
  -3.6019038258624159e-01 1.9008969189119027e-02 -3.6159598853033131e-01
  1.1974106487646640e-02 -5.0876548721952342e-01 1.2565407346096964e-02
  -5.2376181143003420e-01 1.7866693982877463e-02 -4.2320064702726173e-01
  2.1352203479170339e-02 -3.5175365059901886e-01 1.9108355786470650e-02
  -3.0787268763425474e-01 1.8107819967565997e-02 -2.7763071733853983e-01
  2.5266513887175317e-02 -2.4182316462912198e-01 2.3799804784114666e-02
  -2.5549268046230555e-01 2.1686714937105969e-02 -2.8281742054173642e-01
  1.8583062185754940e-02 -3.1639743564776041e-01 2.0525010714106829e-02
  -2.7387103848375383e-01 1.2616676348270446e-02 -4.8075186144976784e-01
  1.6573029382270777e-02 -3.8946619048336328e-01 1.8208360832888036e-02
  -2.8915964068944583e-01 2.7021713733675862e-02 -2.2182003811226456e-01
  1.8833822313596964e-02 -2.5186723571616237e-01 3.6755524474947128e-02
  -1.3728462686351522e-01 3.6570292697931349e-02 -1.6538505503691342e-01
  2.9492734357113831e-02 -2.4309496341367332e-01 2.0678507397746970e-02
  -2.8942194495876450e-01 2.0722870009204211e-02 -2.6228348907171894e-01
  2.5038241595853758e-02 -3.5389872822796281e-01 2.2036143155786812e-02
  -3.4879596741361069e-01 1.9942528746925692e-02 -3.4385979604307326e-01
  2.6468203376482407e-02 -2.3860887819993096e-01 4.2933411888382324e-02
  -1.3456741039642223e-01 2.2220205678308513e+00 -2.2386028108743652e-01
  7.8892614584163495e-02 -8.0953242577033444e-02 3.9540224284273756e-02
  -2.1983184396853694e-01 2.8667235119304347e-02 -2.2388254889814926e-01
  1.9462339555151288e-02 -3.1619039710122648e-01 1.9195291407484810e-02
  -3.6005496233367956e-01 2.4420940326033917e-02 -2.8220765742435466e-01
  2.8456802293393389e-02 -2.6651706625528881e-01 7.8918589352516638e-02
  -1.8964019232470417e-01 5.0747256574200240e-02 -8.9565120744763860e-02
  6.2934384382624575e-01 -7.0448937741743933e-02 7.3904676040724313e+00
  -1.3788185828493341e-01 6.6745925051582305e-02 -1.1431484924879208e-01
  4.7621134465722893e-02 -2.0896438108839596e-01 2.0307782162052881e-02
  -2.7112404692472092e-01 1.3998577034251202e-02 -3.9368386234011682e-01
  2.2069151090095784e-02 -3.0139213802145731e-01 3.5426547394750679e-02
  -1.9524257650017446e-01 3.8415290428815245e+00 -2.1501095389262265e-01
  7.0662811185971910e-02 -7.8572827363506084e-02 7.2252571121164760e-02
  -6.1199006136210446e-02 1.6401333644504401e+01 -6.1199006136210453e-02
  4.3099072518227033e-01 -7.0759671298581697e-02 4.3295949998179303e-02
  -1.4959720036684343e-01 2.8648119267993693e-02 -2.0374371389849247e-01
  2.3122984934717615e-02 -2.5210955962404802e-01 3.5018467897924628e-02
  -1.7417767801467737e-01 1.2683737976424156e-01 -7.5250535009382113e-02
  4.5726864561756244e+00 -1.1943584027324392e-01 7.9034486400676993e-02
  -7.5200724000644162e-02 1.6401333644504401e+01 -6.1199006136210453e-02
  1. 0. 5.5131896631966448e+00 -1.4400122254618103e-01
  9.0692025727953540e-02 -8.0201530214645489e-02 3.8078432388554274e-02
  -1.3071700670697736e-01</input_scale>
<output_scale>
  5.2631578947368418e-01 4.9999999999999994e-01 5.2631578947368418e-01
  4.9999999999999994e-01 5.2631578947368418e-01 4.9999999999999994e-01</output_scale>
<inv_output_scale>
  1.8999999999999999e+00 -9.4999999999999996e-01 1.8999999999999999e+00
  -9.4999999999999996e-01 1.8999999999999999e+00 -9.4999999999999996e-01</inv_output_scale>
