<?xml version="1.0"?>
<opencv_storage>
<layer_sizes>
  100 24 12 3</layer_sizes>
<activation_function>SIGMOID_SYM</activation_function>
<f_param1>6.6666666666666663e-01</f_param1>
<f_param2>1.7159000000000000e+00</f_param2>
<min_val>-9.4999999999999996e-01</min_val>
<max_val>9.4999999999999996e-01</max_val>
<min_val1>-9.7999999999999998e-01</min_val1>
<max_val1>9.7999999999999998e-01</max_val1>
<training_params>
  <train_method>BACKPROP</train_method>
  <dw_scale>1.0000000000000000e-03</dw_scale>
  <moment_scale>0.</moment_scale>
  <term_criteria>
    <epsilon>1.0000000000000000e-04</epsilon>
    <iterations>10000</iterations></term_criteria></training_params>
<input_scale>
  2.6982351818199437e-02 -2.0145542389531110e-01 1.7451931979931567e-02
  -4.3362771915972315e-01 1.8954440331899525e-02 -4.7072441941694249e-01
  2.2373748575569261e-02 -3.2545443879942831e-01 1.6847663935217277e-02
  -3.1953603182469920e-01 2.1395760366367374e-02 -2.6261201958576891e-01
  2.2044823395670390e-02 -3.5460000622217136e-01 2.5233663298177781e-02
  -3.4411173579579096e-01 2.0822778808451903e-02 -3.2034474302113014e-01
  3.0634695276214038e-02 -3.0264026365398633e-01 3.6311388308068140e-02
  -2.3628246804734021e-01 1.9030912801882124e-02 -3.9897191215618361e-01
  1.7961116410631823e-02 -5.1726097705707486e-01 1.8492509376210466e-02
  -4.9821189406619693e-01 1.6496415991796531e-02 -4.6791702371037103e-01
  1.8787098113691874e-02 -4.2080425454653614e-01 1.7152174814874927e-02
  -4.6933477634011855e-01 2.1547148105072921e-02 -4.3968450973127454e-01
  1.8879428108672224e-02 -4.1776613515915972e-01 1.5386528216117898e-02
  -4.5220513620216962e-01 1.3400312981432750e-02 -5.0837735422976449e-01
  2.2119335325246962e-02 -4.9323756280426140e-01 1.3951335192520883e-02
  -6.5824484691260454e-01 1.6624491805679091e-02 -5.8366165092144862e-01
  1.5732381146943055e-02 -4.4532156456507138e-01 1.6616077924770743e-02
  -4.0741913488138942e-01 1.5903128171393475e-02 -5.8518984089753923e-01
  1.4761545371121341e-02 -6.3109546375788694e-01 1.9903492177252929e-02
  -4.7152152108175355e-01 1.4170156408779144e-02 -5.0251106268143830e-01
  2.1322077031872107e-02 -3.5420446827323487e-01 1.2214202797669908e-02
  -8.1465689976487343e-01 1.6094801628493301e-02 -5.7938422018869740e-01
  1.5046168042191868e-02 -5.8522097372646276e-01 1.4112800722826837e-02
  -5.3648732142788713e-01 1.4003394474154300e-02 -5.1483654203732410e-01
  1.6286732335318486e-02 -5.7035441119466757e-01 1.5890052837538297e-02
  -6.4631800322649102e-01 1.2093389147998512e-02 -6.7253876233371090e-01
  1.4487414296542019e-02 -4.3390063601315881e-01 1.2728488768382689e-02
  -4.7799778551017191e-01 1.7171684351483366e-02 -4.3039207433273075e-01
  1.3712591962018145e-02 -6.3995349106728106e-01 1.3378776731899165e-02
  -4.9444340341912041e-01 1.2987635734499407e-02 -4.5759461775591237e-01
  1.5828885444636145e-02 -3.7113384965119300e-01 1.3937194493016685e-02
  -4.4475025985366767e-01 1.4367648367135962e-02 -5.6200002500845170e-01
  1.6215949055122095e-02 -5.0018412254544753e-01 1.6545211541335914e-02
  -3.9331677258407083e-01 1.2964537640976548e-02 -4.9521304188406323e-01
  1.2951603509895835e-02 -6.3315365628270126e-01 1.4488194336051518e-02
  -4.4160635049210406e-01 1.6280251318962585e-02 -3.6679811779484739e-01
  1.8081549461157500e-02 -2.8344920062775369e-01 1.8553854560350767e-02
  -2.6546538170779455e-01 1.9101479653015764e-02 -3.0630344240743423e-01
  1.8007974528956500e-02 -3.6022357589773840e-01 1.2320204109795658e-02
  -5.0002052587247181e-01 1.4351757039503376e-02 -4.4470017275073276e-01
  1.5963245018963037e-02 -5.0843787515914296e-01 1.3849211332205002e-02
  -5.8915826428889173e-01 1.9046451851158133e-02 -4.0061940806501828e-01
  2.2964147511706209e-02 -2.9963717740808121e-01 5.4276904404999139e-02
  -1.3462990167360997e-01 7.1160517728964534e-02 -7.3439680218504319e-02
  3.7116031379890939e-02 -1.5704968437968087e-01 3.0764184572888351e-02
  -2.6718858523179367e-01 1.6229589266747235e-02 -4.0446908766914902e-01
  1.5510952283839358e-02 -4.2439842218611712e-01 1.4303239729617234e-02
  -5.3537891628510337e-01 2.0965377709653725e-02 -3.6006730543341242e-01
  2.0827878977824638e-02 -3.2535222339203296e-01 1.0992506959041337e-01
  -1.4474119483435213e-01 1.0360585545661254e-01 -4.9221998944689586e-02
  8.9654271234018013e-01 -8.2954129967418799e-02 7.7572304975536702e-02
  -6.3631374721926010e-02 4.4032774856231062e-02 -1.4847350240668658e-01
  3.0479376568919452e-02 -2.3222898659806598e-01 2.0122917430293690e-02
  -3.4001285394674174e-01 1.7360405244989219e-02 -3.4056666872954827e-01
  2.1682890902735515e-02 -3.1035084416655601e-01 5.2389750191256447e-02
  -1.3600826606591310e-01 5.0136621939760175e+00 -1.6950103502765895e-01
  8.4665442744956143e-01 -8.7377147316858653e-02 1.0452416729586370e-01
  -4.3148766570534479e-02 9.7302342229554348e+00 -1.0388150415966657e-01
  7.6280974407473487e-02 -7.2616230085406255e-02 3.8191500697065436e-02
  -1.5398921811307878e-01 3.0666032897143623e-02 -1.9943834562110307e-01
  3.0445712553319616e-02 -1.9253391888700697e-01 4.4336189121707087e-02
  -1.4547318992958694e-01 1.8326331951597472e-01 -6.1631258698432785e-02
  6.5971711944628648e+00 -8.2171171461281237e-02 1.7773777916815752e+00
  -1.5180450889807048e-01 2.9101987844671533e+00 -9.8387503389458925e-02
  1. 0. 6.3764903550619234e+00 -1.1346068247441146e-01
  8.4209306888939559e-02 -1.0084139419262690e-01 4.8304936964507252e-02
  -1.1405809849092727e-01</input_scale>
<output_scale>
  5.2631578947368418e-01 4.9999999999999994e-01 5.2631578947368418e-01
  4.9999999999999994e-01 5.2631578947368418e-01 4.9999999999999994e-01</output_scale>
<inv_output_scale>
  1.8999999999999999e+00 -9.4999999999999996e-01 1.8999999999999999e+00
  -9.4999999999999996e-01 1.8999999999999999e+00 -9.4999999999999996e-01</inv_output_scale>
